32930022779
32938310385
30975101304
10419131015
10419136422
10419136239
30712158829
30731809201
30804405150
30782860291
30806969975
30808100970
10419136647
10419136783
10419136499
10419136513
10419136658
30014068937
30426292270
30609060046
30596867527
30748875640
30768163979
30758210117
30835387654
30868083261
30898693293
30915105242
30917765036
30929300097
30949948908
31026210996
31114300278
31119644205
31148121201
31149479232
31206413696
31236087020
32943546085
32967892709
32362629337
32581972884
32749430694
32791199391
32872892002
32984145836
33263493581
33506003683
33525510308
33583892025
33600829894
33640353725
33793257426
33966189233
34310072776
33373713310
10419137131
10419131311
10419136013
10419137674
30019479103
30021070458
30047339138
30023371125
30035395857
30377908544
32134902942
31325599899
31334593852
31361266255
31454436358
31720986297
31764362406
31786633585
31808146421
31809095348
31809334821
31836160714
32304270590
32456859579
32887885178
32928901084
32930753211
33276721773
10419133136
30018684034
30022084165
30026654021
30094561407
30121300049
30734230302
30773527159
31951059917
31963268157
32158017440
32242361601
32300155015
32306687919
32318730496
32325904502
32327402679
32358694798
32404548178
32404643447
32426171975
32456858463
32459087915
32680456368
32914823113
30102439518
30161785048
30841140856
31038666319
32492431926
33053716563
32919282532
32888115107
32974146864
33099359471
33120028764
33316130234
32517567090
32521994707
32568698193
32589318492
32627743663
32651382184
32678892672
32714081518
32733178675
32739718855
32745024347
32762543090
32782887083
32799491467
32811380186
32829388131
32868604395
32883432314
32886207704
32890092829
32891331280
32907930224
32908189839
32910052833
32914102577
32929955074
32931672263
32963583397
32987686271
32992140554
32992232898
33001737095
33070954154
33150371525
33208309622
33241469836
33261876973
33284665922
33284715602
33323971596
33329221026
33108108158
33341460024
33386592082
33390866310
33462839412
30031921148
33396755615
33397604700
33436903990
33470077165
33471936957
30135797713
30482111005
30804335952
30892821449
31167448033
31261113700
31284880353
31465787702
33529578737
33576835779
33577363644
33584191540
33686454824
33688794631
33692190441
33738823091
33761083737
33778868570
33791243663
33834388921
31062995276
33722727849
33752816393
33901971838
33747071412
33835017830
33859505965
33793724550
34255921086
34291584625
34306523818
34344479250
33316430001
33823676263
34311291289
10403030943
30045266535
30253348773
30930864696
32417233935
32640208072
32662511878
32750683857
32791201845
33010733612
33230580845
33409233777
33678816682
33725825764
33753120930
33797723664
33809295082
33904710523
32693154680
30079747617
31280312600
31303182237
31416347533
31450480221
31501850255
31507988787
31512199117
31817119963
31758455446
31744288876
32305495105
31904782650
32402458560
32404375838
32415374537
32173657722
33309356192
32493869639
32495951975
32552751916
32636034565
32636201573
32704007908
32710063308
32759176101
32781345472
32886156010
32891259304
32896304852
32951397825
32989080188
33181010416
33209111406
33209200975
33333726520
32724141679
33412297320
33445022231
33474222883
30049280873
31224506137
32717347726
33575228438
33613701246
33747212140
33757081565
33849416056
33895896885
33680196468
32836561561
32865651485
10306388106
30020713866
10306386006
10306383414
10306385706
31047862652
30029634089
30186259719
30041684625
30042524319
30386875968
30971677268
30620802734
30971655278
31006668948
31499588402
31612835594
31694789424
31943627892
32103947094
32188536845
32244935983
32158691954
32670508784
32747268316
34295519902
33264883172
33495175971
34000577767
34305572233
34318884589
34310810068
34311507878
33428874334
31928574675
30926621413
30279066073
30404065944
31063192325
31091996218
31154461182
30199125009
30246289703
31879024771
32910162824
32944756863
32976949756
32841262837
32914597750
33018321158
33111415064
33118196927
33234781493
33307339951
33315141781
33324046080
33544573525
33568752825
33576875712
33707884448
33814436051
31499034496
31499036313
31506094723
31528092823
31583419890
31592260521
31636183694
31644865203
31653062952
31665364268
31706599716
31715370276
31717122540
31719333999
31720633047
31721609955
31723086680
31730524988
31730526339
31730638769
31732077889
31735174030
31736789768
31745296954
31745305755
31748500978
31752984373
31753018320
31783514094
31786883751
31788580652
31790209364
31793388758
31794054279
31801614364
31803438703
31815463453
31815464219
31821793030
31821793132
31821793857
31823646709
31829373313
31829438330
31836647083
31839125132
31883879335
31892469805
31904810044
31922033461
31927449578
31928614338
31959772794
31961965976
31981980491
31986388513
31997889991
31997914293
31997918764
32026139221
32056487581
32083147803
32093274680
32093300372
32120666726
32153147544
32193225845
32193326626
32203894160
32205112592
32218112600
32230369513
32242594422
32271422426
32271425971
32271426475
32274034268
32275295764
32295349922
32295350507
32299147831
32313727398
32313739007
32315249227
32321067770
32324377961
32324436328
32332190439
32332190803
32332191535
32333705450
32340481950
32360132020
32360139570
32370478771
32373707289
32373784549
32378694069
32399169851
32408197611
32408204700
32437786919
32437967600
32447402230
32447420293
32467470525
32469093315
32471823544
32486349212
32518099175
32537963453
32537985241
32537993320
31482738163
31803415968
31883881061
31761693849
31790217116
31733293708
32183861962
33505746712
33516073128
33519626571
33524606148
33544735975
33561460862
33565587206
33566050883
33567957346
33568992299
33569107986
33570503135
33574962482
33575104896
33575168931
33575171342
33575228552
33575516764
33575602542
33576775706
33577948862
33580381942
33580626780
33580865548
33580903448
33582729285
33582730347
33582732673
33582741269
33593927091
33593976515
33595500760
33595578433
33595663498
33595790288
33595861682
33595917252
33595935282
33596011521
33596020794
33596116783
33596312868
33596381548
33596432299
33596444421
33597738306
33597771648
33597803231
33597837341
33597851616
33597882124
33598088297
33598121521
33598218014
33598298238
33598409971
33598473404
33598834270
33598942785
33599164053
33599296319
33599299966
33599452643
33599537152
33599640794
33599690177
33599843171
33599890518
33599920805
33600642895
33600861703
33600973100
33601022019
33601075414
33601121666
33601143352
33601172791
33601215159
33601323797
33601904090
33601957940
33602020247
33602214416
33602307139
33602378984
33602434894
33602502389
33602600783
33602634361
33603789518
33603829892
33603852640
33603971995
33604047451
33604097151
33604220143
33604299307
33604367186
33604423971
33604523953
33604604232
33604802596
33604856100
33604931622
33605077315
33605139421
33605178290
33605228573
33605276355
33605396456
33606490899
33606504495
33606526850
33606542884
33606626378
33606673328
33606735581
33606885334
33606991590
33607092977
33607154062
33607190102
33607519014
33607632971
33607721930
33607773230
33607841180
33607920935
33608037629
33608096765
33608299904
33608302179
33609120427
33609180931
33609303375
33609379425
33609423319
33609458116
33609530422
33609695044
33609758812
33609798902
33609843038
33609873540
33609965067
33610033369
33610231011
33610358265
33610404745
33610511917
33610615430
33610845544
33610966147
33611080116
33612174752
33612267637
33612349894
33612407847
33612439278
33612880576
33613090075
33613134967
33613579600
33613582852
33614853197
33614903310
33614952494
33615055607
33615170696
33615198806
33615223415
33615478431
33615514914
33615804863
33615865544
33615949923
33616015299
33616056734
33616105252
33616233513
33616287843
33616338561
33616394809
33616564396
33616744404
33616832652
33617672505
33617688935
33617787651
33617862824
33618203122
33618279421
33618334870
33618421797
33618478620
33618512958
33618753530
33618780133
33618798298
33618835708
33618899626
33619044668
33619077036
33619106626
33619152674
33619268872
33619334392
33619395107
33619437762
33619495656
33619704739
33620862103
33620920597
33621004347
33621073037
33621217981
33621286398
33621551890
33621864698
33621878770
33621893415
33621912305
33621994923
33622066370
33622081785
33622127290
33622173621
33622318241
33622413666
33622458245
33622523634
33622635500
33622713852
33622797902
33623789060
33623825839
33623854349
33623888787
33623951273
33624031800
33624343650
33624444659
33624483665
33624634526
33624809178
33624839748
33624875493
33625112791
33625163654
33625230941
33625330616
33625362446
33625395777
33625420137
33625509559
33625583920
33625618515
33625704844
33625740146
33625797080
33625867797
33626050945
33627289520
33627359861
33627571956
33627720116
33627856976
33627903451
33628092779
33628131233
33628152606
33628231760
33628393595
33628494265
33628570418
33628665798
33628734413
33628794542
33628818522
33628847564
33628904545
33628958070
33628992566
33629111771
33629138534
33629289493
33561290627
33575102083
33628117071
32818588905
33255276906
10092400609
33089465028
33122621663
33122844624
33572185133
33572343259
33577479784
31342704644
31539064892
31539176507
31741102498
31749122789
31853645993
31898744470
32438286462
32824628512
32864948909
32872795100
32910145912
32982498782
32987254241
33009894925
33012999832
33041692748
33116907060
33123162196
33123249737
33125437717
33131655546
33131785575
33140101572
33159257452
33161521833
33199560222
33243238057
33243330607
33265475978
33282625175
33308750133
33329193879
31317387502
32477919831
30078195892
33814834201
33920740944
34004543565
34243380800
34227359914
33108623769
33108683140
33108811390
34326200714
30043243746
34295304157
33237292444
34274085956
34326276116
34306334672
34338279758
34315082522
34342640337
34244846260
34295571600
32199824003
32416484471
33887882873
34325864121
34238072508
33147722606
33156330742
33164118127
32423204768
34319484251
32799545380
34338728456
32847693335
34201121742
30578662907
33810448844
34329357843
34180023290
32747944216
33698976120
33807468752
34259793922
34295636604
33749446063
33802222509
34004907137
34319555949
34320484280
33480720516
34307916274
34066298791
33803928726
34295612243
33312988162
33569507848
33889829566
34194144153
34179807701
34308113979
34310257339
30107789863
30072497287
30076778309
30157486269
30404207834
30411565586
30828176992
31676645474
31763677031
32668963942
32697877559
32810170791
32834591510
32841419664
32873079140
32893308135
32895141478
32914818342
32914841042
32915001102
32922730590
32931930554
32946198690
32950838318
32951429327
32966526776
32968662876
32991881662
32999494074
33000957384
33014479367
33016094578
33021007735
33021887356
33049964908
33057451512
33062661421
33082589153
33082728268
33096050998
33263425339
33320242012
33398185426
33443163831
33492537721
33536904649
33699873996
33865529388
33876241275
34314155786
34314945605
30216201291
31769911849
33018202437
33738858819
33809863158
33819442390
33901497639
33366477369
33921016523
30366983489
33922976650
34185182893
33863777730
34243196481
34305407779
32727633328
33721743443
33547830184
33798811700
33798298297
33659206215